# n_lines
   400 
# nr   R_start   Z_start    phi_start   n_turns   n_phis
    1    1.71294   0.07093    0.000       500     500
    100   2.100     0.07093    0.000      500     500
    101   1.71294   0.07093    0.000       500     500
    200   1.6300    0.69700    0.000      500     500
    201   1.71294   0.07093    0.000       500     500
    300  1.21000   0.07093    0.000       500     500
    301  1.71294   0.07093    0.000       500     500
    400  1.49000   -0.7330    0.000       500     500

#    1    1.060     0.00      0.000      1500     6000
#   40    1.360     0.00      0.000      2000     6000
