# n_lines
   160 
# nr   R_start   Z_start    phi_start   n_turns   n_phis
    1    1.71294   0.07093    0.000       1000     500
    40   2.100     0.07093    0.000      1000     500
    41   1.71294   0.07093    0.000       1000     500
    80   1.6300    0.69700    0.000      1000     500
    81   1.71294   0.07093    0.000       1000     500
    120  1.21000   0.07093    0.000       1000     500
    121  1.71294   0.07093    0.000       1000     500
    160  1.49000   -0.7330    0.000       1000     500

#    1    1.060     0.00      0.000      1500     6000
#   40    1.360     0.00      0.000      2000     6000
